
Mils, PCT
  0 , 0.06 
  100 , 0.12 
  100 , 0.13 
  200 , 0.20 
  302 , 0.26 
  402 , 0.33 
  502 , 0.39 
  603 , 0.46 
  704 , 0.52 
  804 , 0.59 
  905 , 0.65 
  1006 , 0.71 
  1106 , 0.76 
  1207 , 0.82 
  1308 , 0.88 
  1409 , 0.94 
  1509 , 1.00 
  1610 , 1.05 
  1711 , 1.11 
  1811 , 1.17 
  1912 , 1.23 
  2013 , 1.29 
  2113 , 1.34 
  2214 , 1.40 
  2315 , 1.46 
  2415 , 1.52 
  2516 , 1.58 
  2617 , 1.63 
  2718 , 1.69 
  2819 , 1.75 
  2919 , 1.81 
  3020 , 1.87 
  3121 , 1.92 
  3221 , 1.98 
  3322 , 2.04 
  3423 , 2.10 
  3523 , 2.16 
  3624 , 2.21 
  3725 , 2.27 
  3825 , 2.33 
  3927 , 2.39 
  4027 , 2.45 
  4127 , 2.50 
  4229 , 2.56 
  4329 , 2.62 
  4429 , 2.68 
  4531 , 2.74 
  4631 , 2.79 
  4731 , 2.85 
  4833 , 2.91 
  4933 , 2.97 
  5035 , 3.03 
  5135 , 3.08 
  5235 , 3.14 
  5337 , 3.20 
  5437 , 3.26 
  5537 , 3.32 
  5639 , 3.37 
  5739 , 3.43 
  5839 , 3.49 
  5941 , 3.55 
  6041 , 3.61 
  6141 , 3.66 
  6243 , 3.72 
  6343 , 3.78 
  6444 , 3.84 
  6545 , 3.90 
  6645 , 3.95 
  6746 , 4.01 
  6847 , 4.07 
  6947 , 4.13 
  7049 , 4.19 
  7149 , 4.25 
  7249 , 4.30 
  7351 , 4.36 
  7451 , 4.42 
  7552 , 4.48 
  7653 , 4.54 
  7753 , 4.59 
  7854 , 4.65 
  7955 , 4.71 
  8055 , 4.77 
  8156 , 4.83 
  8257 , 4.88 
  8357 , 4.94 
  8458 , 5.00 
  8559 , 5.06 
  8659 , 5.12 
  8760 , 5.17 
  8861 , 5.23 
  8962 , 5.29 
  9062 , 5.35 
  9163 , 5.41 
  9264 , 5.47 
  9365 , 5.52 
  9465 , 5.58 
  9566 , 5.64 
  9667 , 5.70 
  9767 , 5.76 
  9868 , 5.82 
  9969 , 5.87 
  10070 , 5.93 
  10170 , 5.99 
  10271 , 6.05 
  10372 , 6.11 
  10473 , 6.17 
  10573 , 6.23 
  10674 , 6.28 
  10775 , 6.34 
  10875 , 6.40 
  10976 , 6.46 
  11077 , 6.52 
  11177 , 6.58 
  11279 , 6.64 
  11379 , 6.70 
  11480 , 6.76 
  11581 , 6.83 
  11681 , 6.89 
  11783 , 6.95 
  11883 , 7.02 
  11983 , 7.08 
  12085 , 7.14 
  12185 , 7.21 
  12286 , 7.27 
  12387 , 7.33 
  12487 , 7.39 
  12589 , 7.44 
  12689 , 7.49 
  12790 , 7.54 
  12891 , 7.58 
  12991 , 7.62 
  13092 , 7.66 
  13193 , 7.67 
  13294 , 7.68 
  13394 , 7.69 
  13495 , 7.69 
  13596 , 7.70 
  13697 , 7.71 
  13797 , 7.72 
  13898 , 7.72 
  13999 , 7.73 
  14100 , 7.74 
  14200 , 7.74 
  14301 , 7.75 
  14402 , 7.76 
  14502 , 7.76 
  14604 , 7.77 
  14704 , 7.78 
  14804 , 7.79 
  14906 , 7.80 
  15006 , 7.80 
  15108 , 7.81 
  15208 , 7.82 
  15308 , 7.83 
  15410 , 7.84 
  15510 , 7.84 
  15611 , 7.85 
  15712 , 7.86 
  15812 , 7.87 
  15913 , 7.88 
  16014 , 7.88 
  16115 , 7.89 
  16216 , 7.90 
  16316 , 7.91 
  16417 , 7.91 
  16518 , 7.92 
  16618 , 7.93 
  16719 , 7.94 
  16820 , 7.94 
  16921 , 7.95 
  17021 , 7.96 
  17122 , 7.97 
  17223 , 7.97 
  17324 , 7.98 
  17425 , 7.99 
  17525 , 8.00 
  17626 , 8.01 
  17727 , 8.01 
  17827 , 8.02 
  17929 , 8.03 
  18029 , 8.04 
  18129 , 8.04 
  18231 , 8.05 
  18331 , 8.06 
  18432 , 8.07 
  18533 , 8.07 
  18633 , 8.08 
  18735 , 8.09 
  18835 , 8.09 
  18935 , 8.14 
  19037 , 8.20 
  19137 , 8.25 
  19238 , 8.32 
  19339 , 8.38 
  19439 , 8.45 
  19540 , 8.52 
  19641 , 8.59 
  19742 , 8.66 
  19843 , 8.73 
  19943 , 8.80 
  20044 , 8.87 
  20145 , 8.94 
  20245 , 9.00 
  20346 , 9.07 
  20447 , 9.14 
  20548 , 9.20 
  20648 , 9.26 
  20749 , 9.33 
  20850 , 9.39 
  20951 , 9.46 
  21052 , 9.52 
  21152 , 9.58 
  21253 , 9.65 
  21354 , 9.71 
  21454 , 9.78 
  21556 , 9.84 
  21656 , 9.90 
  21756 , 9.97 
  21858 , 10.03 
  21958 , 10.10 
  22060 , 10.16 
  22160 , 10.23 
  22260 , 10.29 
  22362 , 10.35 
  22462 , 10.42 
  22563 , 10.48 
  22664 , 10.55 
  22765 , 10.61 
  22865 , 10.67 
  22967 , 10.74 
  23067 , 10.80 
  23168 , 10.87 
  23269 , 10.93 
  23369 , 10.99 
  23471 , 11.06 
  23571 , 11.12 
  23672 , 11.19 
  23773 , 11.25 
  23873 , 11.31 
  23974 , 11.38 
  24075 , 11.44 
  24176 , 11.51 
  24276 , 11.57 
  24378 , 11.63 
  24478 , 11.70 
  24579 , 11.76 
  24680 , 11.83 
  24780 , 11.89 
  24882 , 11.95 
  24982 , 12.02 
  25083 , 12.09 
  25184 , 12.16 
  25285 , 12.24 
  25385 , 12.31 
  25486 , 12.39 
  25587 , 12.47 
  25688 , 12.54 
  25789 , 12.62 
  25889 , 12.69 
  25991 , 12.77 
  26091 , 12.85 
  26191 , 12.92 
  26293 , 13.00 
  26393 , 13.07 
  26494 , 13.15 
  26595 , 13.23 
  26696 , 13.30 
  26797 , 13.38 
  26897 , 13.45 
  26998 , 13.53 
  27099 , 13.61 
  27200 , 13.68 
  27300 , 13.76 
  27402 , 13.83 
  27502 , 13.91 
  27603 , 13.99 
  27704 , 14.06 
  27804 , 14.14 
  27906 , 14.21 
  28006 , 14.29 
  28107 , 14.37 
  28208 , 14.44 
  28309 , 14.52 
  28409 , 14.59 
  28510 , 14.67 
  28611 , 14.75 
  28711 , 14.82 
  28813 , 14.90 
  28913 , 14.97 
  29015 , 15.05 
  29115 , 15.12 
  29215 , 15.20 
  29317 , 15.28 
  29417 , 15.35 
  29518 , 15.43 
  29619 , 15.50 
  29720 , 15.58 
  29820 , 15.65 
  29922 , 15.73 
  30022 , 15.80 
  30123 , 15.88 
  30224 , 15.95 
  30324 , 16.03 
  30426 , 16.10 
  30526 , 16.17 
  30627 , 16.25 
  30728 , 16.32 
  30828 , 16.40 
  30929 , 16.47 
  31030 , 16.54 
  31131 , 16.62 
  31232 , 16.69 
  31333 , 16.77 
  31433 , 16.84 
  31534 , 16.91 
  31635 , 16.99 
  31735 , 17.06 
  31837 , 17.14 
  31937 , 17.21 
  32038 , 17.28 
  32139 , 17.35 
  32240 , 17.42 
  32340 , 17.49 
  32441 , 17.55 
  32542 , 17.62 
  32643 , 17.68 
  32744 , 17.75 
  32844 , 17.81 
  32946 , 17.87 
  33046 , 17.94 
  33146 , 18.00 
  33248 , 18.06 
  33348 , 18.12 
  33449 , 18.18 
  33550 , 18.24 
  33651 , 18.30 
  33752 , 18.36 
  33852 , 18.42 
  33953 , 18.48 
  34054 , 18.54 
  34155 , 18.60 
  34255 , 18.66 
  34357 , 18.72 
  34457 , 18.78 
  34558 , 18.84 
  34659 , 18.90 
  34759 , 18.96 
  34861 , 19.02 
  34961 , 19.08 
  35062 , 19.13 
  35163 , 19.19 
  35264 , 19.25 
  35364 , 19.31 
  35465 , 19.37 
  35566 , 19.43 
  35666 , 19.48 
  35768 , 19.54 
  35868 , 19.60 
  35970 , 19.66 
  36070 , 19.72 
  36170 , 19.77 
  36272 , 19.83 
  36372 , 19.89 
  36473 , 19.95 
  36574 , 20.01 
  36675 , 20.06 
  36775 , 20.12 
  36876 , 20.18 
  36977 , 20.24 
  37078 , 20.29 
  37179 , 20.35 
  37279 , 20.41 
  37381 , 20.46 
  37481 , 20.52 
  37582 , 20.57 
  37683 , 20.63 
  37783 , 20.69 
  37884 , 20.74 
  37985 , 20.80 
  38086 , 20.85 
  38187 , 20.91 
  38288 , 20.96 
  38388 , 21.02 
  38489 , 21.07 
  38590 , 21.13 
  38690 , 21.18 
  38792 , 21.24 
  38892 , 21.29 
  38993 , 21.34 
  39094 , 21.40 
  39194 , 21.45 
  39296 , 21.51 
  39396 , 21.56 
  39497 , 21.61 
  39598 , 21.67 
  39699 , 21.72 
  39799 , 21.77 
  39901 , 21.83 
  40001 , 21.88 
  40101 , 21.93 
  40203 , 21.98 
  40303 , 22.03 
  40404 , 22.09 
  40505 , 22.14 
  40606 , 22.19 
  40707 , 22.24 
  40807 , 22.29 
  40908 , 22.35 
  41009 , 22.40 
  41110 , 22.45 
  41210 , 22.50 
  41312 , 22.55 
  41412 , 22.61 
  41512 , 22.66 
  41614 , 22.71 
  41714 , 22.76 
  41816 , 22.81 
  41916 , 22.86 
  42017 , 22.91 
  42118 , 22.96 
  42219 , 23.01 
  42319 , 23.06 
  42420 , 23.11 
  42521 , 23.16 
  42621 , 23.21 
  42723 , 23.26 
  42823 , 23.31 
  42925 , 23.36 
  43025 , 23.41 
  43125 , 23.46 
  43227 , 23.51 
  43327 , 23.56 
  43428 , 23.61 
  43529 , 23.66 
  43630 , 23.71 
  43730 , 23.76 
  43831 , 23.81 
  43932 , 23.87 
  44033 , 23.92 
  44134 , 23.97 
  44234 , 24.02 
  44336 , 24.07 
  44436 , 24.12 
  44537 , 24.18 
  44638 , 24.23 
  44738 , 24.28 
  44839 , 24.33 
  44940 , 24.39 
  45041 , 24.44 
  45142 , 24.50 
  45243 , 24.54 
  45343 , 24.60 
  45444 , 24.66 
  45545 , 24.71 
  45645 , 24.77 
  45747 , 24.82 
  45847 , 24.87 
  45948 , 24.91 
  46049 , 24.96 
  46149 , 25.01 
  46251 , 25.05 
  46351 , 25.09 
  46452 , 25.12 
  46553 , 25.15 
  46654 , 25.18 
  46754 , 25.18 
  46855 , 25.19 
  46956 , 25.19 
  47056 , 25.20 
  47158 , 25.20 
  47258 , 25.20 
  47360 , 25.21 
  47460 , 25.21 
  47561 , 25.22 
  47662 , 25.22 
  47762 , 25.23 
  47863 , 25.23 
  47964 , 25.24 
  48065 , 25.24 
  48165 , 25.24 
  48267 , 25.25 
  48367 , 25.25 
  48467 , 25.26 
  48569 , 25.26 
  48669 , 25.27 
  48771 , 25.27 
  48871 , 25.27 
  48972 , 25.28 
  49073 , 25.28 
  49174 , 25.29 
  49274 , 25.29 
  49375 , 25.30 
  49476 , 25.30 
  49576 , 25.30 
  49678 , 25.31 
  49778 , 25.31 
  49880 , 25.32 
  49980 , 25.32 
  50080 , 25.33 
  50182 , 25.33 
  50282 , 25.33 
  50383 , 25.34 
  50484 , 25.34 
  50585 , 25.35 
  50685 , 25.35 
  50786 , 25.36 
  50887 , 25.36 
  50988 , 25.37 
  51089 , 25.37 
  51189 , 25.37 
  51291 , 25.38 
  51391 , 25.38 
  51492 , 25.39 
  51593 , 25.39 
  51693 , 25.40 
  51794 , 25.40 
  51895 , 25.40 
  51996 , 25.41 
  52097 , 25.41 
  52198 , 25.42 
  52298 , 25.42 
  52399 , 25.42 
  52500 , 25.43 
  52600 , 25.43 
  52702 , 25.44 
  52802 , 25.44 
  52903 , 25.44 
  53004 , 25.45 
  53105 , 25.45 
  53206 , 25.46 
  53306 , 25.46 
  53407 , 25.46 
  53508 , 25.47 
  53609 , 25.47 
  53709 , 25.51 
  53811 , 25.57 
  53911 , 25.62 
  54011 , 25.68 
  54113 , 25.73 
  54213 , 25.78 
  54315 , 25.83 
  54415 , 25.87 
  54516 , 25.90 
  54617 , 25.94 
  54717 , 25.95 
  54818 , 25.97 
  54919 , 25.97 
  55020 , 25.98 
  55120 , 25.99 
  55222 , 25.99 
  55322 , 25.99 
  55424 , 26.00 
  55524 , 26.00 
  55624 , 26.00 
  55726 , 26.01 
  55826 , 26.01 
  55927 , 26.01 
  56028 , 26.02 
  56129 , 26.02 
  56229 , 26.03 
  56330 , 26.03 
  56431 , 26.03 
  56531 , 26.04 
  56633 , 26.04 
  56733 , 26.05 
  56835 , 26.05 
  56935 , 26.05 
  57035 , 26.06 
  57137 , 26.06 
  57237 , 26.07 
  57338 , 26.07 
  57439 , 26.07 
  57540 , 26.08 
  57640 , 26.08 
  57741 , 26.09 
  57842 , 26.09 
  57943 , 26.09 
  58044 , 26.10 
  58144 , 26.10 
  58246 , 26.11 
  58346 , 26.11 
  58446 , 26.11 
  58548 , 26.12 
  58648 , 26.12 
  58749 , 26.13 
  58850 , 26.13 
  58951 , 26.13 
  59052 , 26.14 
  59152 , 26.14 
  59253 , 26.15 
  59354 , 26.15 
  59455 , 26.15 
  59555 , 26.16 
  59657 , 26.16 
  59757 , 26.17 
  59858 , 26.17 
  59959 , 26.17 
  60059 , 26.18 
  60161 , 26.18 
  60261 , 26.19 
  60362 , 26.19 
  60463 , 26.19 
  60564 , 26.20 
  60664 , 26.20 
  60765 , 26.21 
  60866 , 26.21 
  60966 , 26.21 
  61068 , 26.22 
  61168 , 26.22 
  61270 , 26.23 
  61370 , 26.23 
  61471 , 26.23 
  61572 , 26.24 
  61672 , 26.24 
  61773 , 26.25 
  61874 , 26.25 
  61975 , 26.25 
  62075 , 26.26 
  62177 , 26.26 
  62277 , 26.27 
  62377 , 26.27 
  62479 , 26.27 
  62579 , 26.28 
  62681 , 26.28 
  62781 , 26.29 
  62882 , 26.29 
  62983 , 26.29 
  63084 , 26.30 
  63184 , 26.30 
  63285 , 26.31 
  63386 , 26.31 
  63486 , 26.31 
  63588 , 26.32 
  63688 , 26.32 
  63790 , 26.33 
  63890 , 26.33 
  63990 , 26.34 
  64092 , 26.34 
  64192 , 26.34 
  64293 , 26.35 
  64394 , 26.35 
  64495 , 26.36 
  64595 , 26.36 
  64696 , 26.36 
  64797 , 26.37 
  64898 , 26.37 
  64999 , 26.38 
  65099 , 26.38 
  65201 , 26.39 
  65301 , 26.39 
  65402 , 26.39 
  65503 , 26.40 
  65603 , 26.40 
  65704 , 26.41 
  65805 , 26.41 
  65906 , 26.42 
  66007 , 26.42 
  66108 , 26.43 
  66208 , 26.43 
  66309 , 26.43 
  66410 , 26.44 
  66510 , 26.44 
  66612 , 26.45 
  66712 , 26.45 
  66813 , 26.46 
  66914 , 26.46 
  67014 , 26.46 
  67116 , 26.47 
  67216 , 26.47 
  67317 , 26.48 
  67418 , 26.48 
  67519 , 26.49 
  67619 , 26.49 
  67721 , 26.50 
  67821 , 26.51 
  67921 , 26.51 
  68023 , 26.55 
  68123 , 26.60 
  68225 , 26.66 
  68325 , 26.71 
  68426 , 26.77 
  68527 , 26.83 
  68627 , 26.89 
  68728 , 26.95 
  68829 , 27.01 
  68930 , 27.07 
  69030 , 27.13 
  69132 , 27.19 
  69232 , 27.25 
  69332 , 27.31 
  69434 , 27.36 
  69534 , 27.42 
  69636 , 27.48 
  69736 , 27.54 
  69837 , 27.60 
  69938 , 27.66 
  70039 , 27.71 
  70139 , 27.77 
  70240 , 27.83 
  70341 , 27.89 
  70441 , 27.95 
  70543 , 28.00 
  70643 , 28.06 
  70745 , 28.12 
  70845 , 28.18 
  70945 , 28.24 
  71047 , 28.29 
  71147 , 28.35 
  71248 , 28.41 
  71349 , 28.47 
  71450 , 28.53 
  71550 , 28.58 
  71651 , 28.64 
  71752 , 28.70 
  71853 , 28.76 
  71954 , 28.82 
  72054 , 28.87 
  72156 , 28.93 
  72256 , 28.99 
  72357 , 29.05 
  72458 , 29.11 
  72558 , 29.16 
  72659 , 29.22 
  72760 , 29.28 
  72861 , 29.34 
  72962 , 29.40 
  73063 , 29.45 
  73163 , 29.51 
  73264 , 29.57 
  73365 , 29.63 
  73465 , 29.69 
  73567 , 29.74 
  73667 , 29.80 
  73768 , 29.86 
  73869 , 29.92 
  73969 , 29.98 
  74071 , 30.03 
  74171 , 30.09 
  74272 , 30.15 
  74373 , 30.21 
  74474 , 30.27 
  74574 , 30.32 
  74676 , 30.38 
  74776 , 30.44 
  74876 , 30.50 
  74978 , 30.56 
  75078 , 30.61 
  75180 , 30.67 
  75280 , 30.73 
  75381 , 30.79 
  75482 , 30.85 
  75582 , 30.90 
  75683 , 30.96 
  75784 , 31.02 
  75885 , 31.08 
  75985 , 31.14 
  76087 , 31.19 
  76187 , 31.25 
  76289 , 31.31 
  76389 , 31.37 
  76489 , 31.43 
  76591 , 31.48 
  76691 , 31.54 
  76792 , 31.60 
  76893 , 31.66 
  76994 , 31.72 
  77094 , 31.77 
  77195 , 31.83 
  77296 , 31.89 
  77396 , 31.95 
  77498 , 32.01 
  77598 , 32.06 
  77700 , 32.12 
  77800 , 32.18 
  77900 , 32.24 
  78002 , 32.30 
  78102 , 32.35 
  78203 , 32.41 
  78304 , 32.47 
  78405 , 32.53 
  78505 , 32.59 
  78607 , 32.64 
  78707 , 32.70 
  78808 , 32.76 
  78909 , 32.82 
  79009 , 32.88 
  79111 , 32.93 
  79211 , 32.99 
  79312 , 33.05 
  79413 , 33.11 
  79513 , 33.17 
  79614 , 33.22 
  79715 , 33.28 
  79816 , 33.34 
  79917 , 33.40 
  80018 , 33.46 
  80118 , 33.51 
  80220 , 33.57 
  80320 , 33.63 
  80420 , 33.69 
  80522 , 33.75 
  80622 , 33.80 
  80723 , 33.86 
  80824 , 33.92 
  80925 , 33.98 
  81026 , 34.04 
  81126 , 34.09 
  81227 , 34.15 
  81328 , 34.21 
  81429 , 34.27 
  81529 , 34.33 
  81631 , 34.38 
  81731 , 34.44 
  81831 , 34.50 
  81933 , 34.56 
  82033 , 34.62 
  82135 , 34.67 
  82235 , 34.73 
  82336 , 34.79 
  82437 , 34.85 
  82538 , 34.91 
  82638 , 34.96 
  82739 , 35.02 
  82840 , 35.08 
  82940 , 35.14 
  83042 , 35.20 
  83142 , 35.25 
  83244 , 35.31 
  83344 , 35.37 
  83444 , 35.43 
  83546 , 35.49 
  83646 , 35.54 
  83747 , 35.60 
  83848 , 35.66 
  83949 , 35.72 
  84049 , 35.78 
  84150 , 35.83 
  84251 , 35.89 
  84352 , 35.95 
  84453 , 36.01 
  84553 , 36.07 
  84655 , 36.12 
  84755 , 36.18 
  84856 , 36.24 
  84957 , 36.30 
  85057 , 36.36 
  85158 , 36.41 
  85259 , 36.47 
  85360 , 36.53 
  85460 , 36.59 
  85562 , 36.65 
  85662 , 36.70 
  85763 , 36.76 
  85864 , 36.82 
  85964 , 36.88 
  86066 , 36.94 
  86166 , 36.99 
  86267 , 37.05 
  86368 , 37.11 
  86468 , 37.17 
  86569 , 37.23 
  86670 , 37.28 
  86771 , 37.34 
  86872 , 37.40 
  86973 , 37.46 
  87073 , 37.52 
  87175 , 37.58 
  87275 , 37.63 
  87375 , 37.69 
  87477 , 37.75 
  87577 , 37.81 
  87678 , 37.87 
  87779 , 37.93 
  87880 , 37.98 
  87981 , 38.04 
  88081 , 38.10 
  88182 , 38.16 
  88283 , 38.22 
  88384 , 38.27 
  88484 , 38.33 
  88586 , 38.39 
  88686 , 38.45 
  88786 , 38.51 
  88888 , 38.56 
  88988 , 38.62 
  89090 , 38.68 
  89190 , 38.74 
  89291 , 38.80 
  89392 , 38.85 
  89493 , 38.91 
  89593 , 38.97 
  89694 , 39.03 
  89795 , 39.09 
  89895 , 39.14 
  89997 , 39.20 
  90097 , 39.26 
  90199 , 39.32 
  90299 , 39.38 
  90399 , 39.44 
  90501 , 39.50 
  90601 , 39.55 
  90702 , 39.61 
  90803 , 39.67 
  90904 , 39.73 
  91004 , 39.79 
  91105 , 39.85 
  91206 , 39.91 
  91307 , 39.96 
  91408 , 40.02 
  91508 , 40.08 
  91610 , 40.14 
  91710 , 40.20 
  91811 , 40.25 
  91912 , 40.31 
  92012 , 40.37 
  92113 , 40.43 
  92214 , 40.49 
  92315 , 40.54 
  92416 , 40.60 
  92517 , 40.66 
  92617 , 40.72 
  92718 , 40.78 
  92819 , 40.84 
  92919 , 40.89 
  93021 , 40.95 
  93121 , 41.01 
  93222 , 41.07 
  93323 , 41.13 
  93423 , 41.18 
  93524 , 41.24 
  93625 , 41.30 
  93726 , 41.36 
  93827 , 41.42 
  93928 , 41.48 
  94028 , 41.54 
  94130 , 41.60 
  94230 , 41.66 
  94330 , 41.73 
  94432 , 41.79 
  94532 , 41.85 
  94633 , 41.92 
  94734 , 41.98 
  94835 , 42.05 
  94936 , 42.12 
  95036 , 42.18 
  95137 , 42.25 
  95238 , 42.32 
  95339 , 42.39 
  95439 , 42.46 
  95541 , 42.52 
  95641 , 42.59 
  95741 , 42.66 
  95843 , 42.73 
  95943 , 42.80 
  96045 , 42.86 
  96145 , 42.93 
  96246 , 43.00 
  96347 , 43.07 
  96448 , 43.13 
  96548 , 43.20 
  96649 , 43.27 
  96750 , 43.33 
  96850 , 43.40 
  96952 , 43.46 
  97052 , 43.52 
  97154 , 43.59 
  97254 , 43.66 
  97354 , 43.72 
  97456 , 43.79 
  97556 , 43.85 
  97657 , 43.92 
  97758 , 43.99 
  97859 , 44.05 
  97959 , 44.12 
  98060 , 44.18 
  98161 , 44.25 
  98262 , 44.32 
  98363 , 44.38 
  98463 , 44.45 
  98565 , 44.51 
  98665 , 44.58 
  98766 , 44.65 
  98867 , 44.72 
  98967 , 44.79 
  99068 , 44.85 
  99169 , 44.92 
  99270 , 44.99 
  99371 , 45.06 
  99472 , 45.12 
  99572 , 45.19 
  99673 , 45.26 
  99774 , 45.33 
  99874 , 45.40 
  99976 , 45.46 
  100076 , 45.53 
  100177 , 45.60 
  100278 , 45.67 
  100379 , 45.74 
  100480 , 45.80 
  100581 , 45.87 
  100681 , 45.94 
  100783 , 46.01 
  100883 , 46.08 
  100983 , 46.14 
  101085 , 46.21 
  101185 , 46.28 
  101286 , 46.35 
  101387 , 46.42 
  101488 , 46.48 
  101588 , 46.55 
  101690 , 46.62 
  101790 , 46.69 
  101892 , 46.76 
  101992 , 46.82 
  102093 , 46.89 
  102194 , 46.96 
  102295 , 47.04 
  102395 , 47.12 
  102497 , 47.20 
  102597 , 47.28 
  102699 , 47.36 
  102799 , 47.44 
  102900 , 47.52 
  103001 , 47.60 
  103102 , 47.68 
  103202 , 47.76 
  103303 , 47.84 
  103404 , 47.92 
  103504 , 48.00 
  103606 , 48.08 
  103706 , 48.16 
  103808 , 48.24 
  103908 , 48.32 
  104009 , 48.40 
  104110 , 48.48 
  104211 , 48.56 
  104311 , 48.64 
  104413 , 48.72 
  104513 , 48.80 
  104614 , 48.88 
  104715 , 48.96 
  104816 , 49.04 
  104916 , 49.12 
  105018 , 49.20 
  105118 , 49.28 
  105220 , 49.36 
  105320 , 49.44 
  105420 , 49.52 
  105522 , 49.60 
  105622 , 49.68 
  105723 , 49.76 
  105824 , 49.84 
  105925 , 49.92 
  106025 , 50.00 
  106127 , 50.08 
  106227 , 50.16 
  106329 , 50.24 
  106429 , 50.32 
  106530 , 50.40 
  106631 , 50.48 
  106732 , 50.56 
  106832 , 50.64 
  106934 , 50.72 
  107034 , 50.80 
  107136 , 50.88 
  107236 , 50.96 
  107337 , 51.04 
  107438 , 51.12 
  107538 , 51.20 
  107639 , 51.28 
  107740 , 51.35 
  107841 , 51.43 
  107941 , 51.51 
  108043 , 51.59 
  108143 , 51.66 
  108244 , 51.74 
  108345 , 51.82 
  108446 , 51.89 
  108547 , 51.97 
  108648 , 52.04 
  108748 , 52.12 
  108850 , 52.20 
  108950 , 52.28 
  109051 , 52.35 
  109152 , 52.43 
  109253 , 52.51 
  109353 , 52.59 
  109455 , 52.67 
  109555 , 52.75 
  109657 , 52.83 
  109757 , 52.91 
  109858 , 52.99 
  109959 , 53.07 
  110059 , 53.14 
  110160 , 53.22 
  110261 , 53.30 
  110362 , 53.38 
  110462 , 53.46 
  110564 , 53.54 
  110664 , 53.62 
  110766 , 53.70 
  110866 , 53.78 
  110967 , 53.86 
  111068 , 53.93 
  111169 , 54.01 
  111269 , 54.08 
  111371 , 54.16 
  111471 , 54.23 
  111572 , 54.31 
  111673 , 54.38 
  111774 , 54.44 
  111875 , 54.51 
  111976 , 54.58 
  112076 , 54.64 
  112178 , 54.71 
  112278 , 54.77 
  112379 , 54.84 
  112480 , 54.90 
  112580 , 54.96 
  112681 , 55.03 
  112782 , 55.09 
  112883 , 55.16 
  112984 , 55.22 
  113085 , 55.29 
  113185 , 55.36 
  113287 , 55.42 
  113387 , 55.49 
  113488 , 55.55 
  113589 , 55.62 
  113690 , 55.69 
  113790 , 55.75 
  113892 , 55.82 
  113992 , 55.88 
  114094 , 55.95 
  114194 , 56.01 
  114295 , 56.08 
  114396 , 56.14 
  114497 , 56.21 
  114597 , 56.28 
  114699 , 56.34 
  114799 , 56.41 
  114899 , 56.47 
  115001 , 56.54 
  115101 , 56.61 
  115203 , 56.67 
  115303 , 56.74 
  115404 , 56.80 
  115505 , 56.87 
  115606 , 56.93 
  115706 , 57.00 
  115808 , 57.07 
  115908 , 57.13 
  116009 , 57.20 
  116110 , 57.26 
  116211 , 57.33 
  116312 , 57.40 
  116413 , 57.46 
  116513 , 57.53 
  116615 , 57.59 
  116715 , 57.66 
  116816 , 57.73 
  116917 , 57.79 
  117018 , 57.86 
  117118 , 57.93 
  117220 , 58.00 
  117320 , 58.07 
  117421 , 58.14 
  117522 , 58.21 
  117622 , 58.28 
  117724 , 58.35 
  117824 , 58.42 
  117925 , 58.49 
  118026 , 58.56 
  118127 , 58.63 
  118227 , 58.70 
  118329 , 58.77 
  118429 , 58.84 
  118531 , 58.91 
  118631 , 58.98 
  118732 , 59.06 
  118833 , 59.13 
  118934 , 59.20 
  119034 , 59.28 
  119136 , 59.36 
  119236 , 59.44 
  119337 , 59.51 
  119438 , 59.59 
  119539 , 59.67 
  119640 , 59.75 
  119741 , 59.83 
  119841 , 59.90 
  119942 , 59.98 
  120043 , 60.06 
  120143 , 60.14 
  120245 , 60.22 
  120345 , 60.30 
  120446 , 60.38 
  120547 , 60.46 
  120648 , 60.54 
  120749 , 60.62 
  120850 , 60.70 
  120950 , 60.78 
  121052 , 60.86 
  121152 , 60.94 
  121253 , 61.02 
  121354 , 61.10 
  121455 , 61.18 
  121555 , 61.26 
  121657 , 61.34 
  121757 , 61.42 
  121859 , 61.50 
  121959 , 61.58 
  122060 , 61.66 
  122161 , 61.74 
  122261 , 61.82 
  122362 , 61.90 
  122463 , 61.98 
  122564 , 62.06 
  122664 , 62.14 
  122766 , 62.22 
  122866 , 62.30 
  122968 , 62.38 
  123068 , 62.46 
  123169 , 62.54 
  123270 , 62.62 
  123371 , 62.70 
  123471 , 62.78 
  123573 , 62.86 
  123673 , 62.94 
  123774 , 63.02 
  123875 , 63.10 
  123976 , 63.18 
  124077 , 63.26 
  124178 , 63.34 
  124278 , 63.42 
  124380 , 63.50 
  124480 , 63.58 
  124581 , 63.66 
  124682 , 63.74 
  124782 , 63.82 
  124883 , 63.90 
  124984 , 63.98 
  125085 , 64.06 
  125186 , 64.14 
  125287 , 64.22 
  125387 , 64.30 
  125489 , 64.38 
  125589 , 64.46 
  125690 , 64.54 
  125791 , 64.62 
  125892 , 64.70 
  125992 , 64.78 
  126094 , 64.86 
  126194 , 64.94 
  126296 , 65.02 
  126396 , 65.10 
  126497 , 65.18 
  126598 , 65.26 
  126699 , 65.34 
  126799 , 65.42 
  126901 , 65.50 
  127001 , 65.58 
  127101 , 65.66 
  127203 , 65.74 
  127303 , 65.82 
  127405 , 65.90 
  127505 , 65.98 
  127606 , 66.06 
  127707 , 66.14 
  127808 , 66.22 
  127908 , 66.30 
  128010 , 66.38 
  128110 , 66.46 
  128211 , 66.54 
  128312 , 66.62 
  128413 , 66.70 
  128514 , 66.78 
  128615 , 66.86 
  128715 , 66.94 
  128817 , 67.02 
  128917 , 67.10 
  129018 , 67.18 
  129119 , 67.26 
  129219 , 67.34 
  129320 , 67.42 
  129421 , 67.50 
  129522 , 67.58 
  129623 , 67.66 
  129724 , 67.74 
  129824 , 67.82 
  129926 , 67.90 
  130026 , 67.98 
  130127 , 68.06 
  130228 , 68.14 
  130329 , 68.22 
  130429 , 68.30 
  130531 , 68.38 
  130631 , 68.46 
  130733 , 68.54 
  130833 , 68.62 
  130934 , 68.70 
  131035 , 68.78 
  131136 , 68.86 
  131236 , 68.94 
  131338 , 69.02 
  131438 , 69.10 
  131538 , 69.18 
  131640 , 69.26 
  131740 , 69.34 
  131842 , 69.42 
  131942 , 69.50 
  132043 , 69.58 
  132144 , 69.66 
  132245 , 69.74 
  132345 , 69.82 
  132447 , 69.90 
  132547 , 69.98 
  132648 , 70.06 
  132749 , 70.14 
  132850 , 70.22 
  132951 , 70.30 
  133052 , 70.38 
  133152 , 70.46 
  133254 , 70.54 
  133354 , 70.62 
  133455 , 70.70 
  133556 , 70.78 
  133656 , 70.86 
  133757 , 70.94 
  133858 , 71.02 
  133959 , 71.10 
  134060 , 71.18 
  134161 , 71.26 
  134261 , 71.34 
  134363 , 71.42 
  134463 , 71.49 
  134564 , 71.57 
  134665 , 71.65 
  134766 , 71.73 
  134866 , 71.81 
  134968 , 71.88 
  135068 , 71.96 
  135170 , 72.04 
  135270 , 72.12 
  135371 , 72.20 
  135472 , 72.27 
  135573 , 72.35 
  135673 , 72.43 
  135775 , 72.51 
  135875 , 72.59 
  135975 , 72.66 
  136077 , 72.74 
  136177 , 72.82 
  136279 , 72.90 
  136379 , 72.98 
  136480 , 73.05 
  136581 , 73.13 
  136682 , 73.21 
  136782 , 73.29 
  136884 , 73.37 
  136984 , 73.45 
  137085 , 73.53 
  137186 , 73.61 
  137287 , 73.69 
  137388 , 73.77 
  137489 , 73.85 
  137589 , 73.93 
  137691 , 74.01 
  137791 , 74.09 
  137892 , 74.17 
  137993 , 74.25 
  138094 , 74.33 
  138194 , 74.41 
  138295 , 74.49 
  138396 , 74.57 
  138497 , 74.65 
  138598 , 74.73 
  138698 , 74.81 
  138800 , 74.89 
  138900 , 74.97 
  139001 , 75.05 
  139102 , 75.13 
  139203 , 75.20 
  139303 , 75.28 
  139405 , 75.36 
  139505 , 75.44 
  139607 , 75.52 
  139707 , 75.60 
  139808 , 75.68 
  139909 , 75.75 
  140010 , 75.83 
  140110 , 75.91 
  140212 , 75.99 
  140312 , 76.07 
  140413 , 76.14 
  140514 , 76.22 
  140614 , 76.30 
  140716 , 76.38 
  140816 , 76.45 
  140917 , 76.53 
  141018 , 76.61 
  141119 , 76.68 
  141219 , 76.76 
  141321 , 76.84 
  141421 , 76.91 
  141522 , 76.99 
  141623 , 77.07 
  141724 , 77.15 
  141825 , 77.23 
  141926 , 77.30 
  142026 , 77.38 
  142128 , 77.46 
  142228 , 77.54 
  142329 , 77.62 
  142430 , 77.69 
  142531 , 77.77 
  142631 , 77.85 
  142733 , 77.93 
  142833 , 78.01 
  142934 , 78.09 
  143035 , 78.16 
  143135 , 78.24 
  143237 , 78.32 
  143337 , 78.40 
  143438 , 78.46 
  143539 , 78.53 
  143640 , 78.60 
  143740 , 78.66 
  143842 , 78.73 
  143942 , 78.79 
  144044 , 78.86 
  144144 , 78.93 
  144245 , 78.99 
  144346 , 79.06 
  144447 , 79.12 
  144547 , 79.19 
  144649 , 79.25 
  144749 , 79.31 
  144850 , 79.38 
  144951 , 79.44 
  145052 , 79.51 
  145153 , 79.57 
  145253 , 79.64 
  145354 , 79.70 
  145455 , 79.77 
  145556 , 79.84 
  145656 , 79.90 
  145758 , 79.97 
  145858 , 80.03 
  145959 , 80.10 
  146060 , 80.17 
  146161 , 80.23 
  146262 , 80.30 
  146363 , 80.36 
  146463 , 80.43 
  146565 , 80.49 
  146665 , 80.56 
  146766 , 80.62 
  146867 , 80.69 
  146968 , 80.75 
  147068 , 80.81 
  147170 , 80.88 
  147270 , 80.94 
  147371 , 81.01 
  147472 , 81.07 
  147572 , 81.13 
  147674 , 81.20 
  147774 , 81.26 
  147875 , 81.33 
  147976 , 81.39 
  148077 , 81.45 
  148177 , 81.52 
  148279 , 81.58 
  148379 , 81.65 
  148481 , 81.71 
  148581 , 81.77 
  148682 , 81.83 
  148783 , 81.89 
  148884 , 81.95 
  148984 , 82.01 
  149086 , 82.07 
  149186 , 82.12 
  149287 , 82.18 
  149388 , 82.24 
  149489 , 82.29 
  149590 , 82.35 
  149690 , 82.41 
  149791 , 82.46 
  149892 , 82.52 
  149993 , 82.57 
  150093 , 82.63 
  150195 , 82.69 
  150295 , 82.74 
  150396 , 82.80 
  150497 , 82.85 
  150598 , 82.91 
  150699 , 82.97 
  150800 , 83.02 
  150900 , 83.08 
  151002 , 83.14 
  151102 , 83.20 
  151203 , 83.25 
  151304 , 83.31 
  151405 , 83.37 
  151505 , 83.43 
  151607 , 83.48 
  151707 , 83.54 
  151809 , 83.60 
  151909 , 83.65 
  152009 , 83.71 
  152111 , 83.76 
  152211 , 83.82 
  152312 , 83.88 
  152413 , 83.93 
  152514 , 83.99 
  152614 , 84.05 
  152716 , 84.11 
  152816 , 84.17 
  152918 , 84.22 
  153018 , 84.28 
  153119 , 84.34 
  153220 , 84.40 
  153321 , 84.46 
  153421 , 84.51 
  153523 , 84.57 
  153623 , 84.63 
  153724 , 84.69 
  153825 , 84.75 
  153926 , 84.80 
  154027 , 84.86 
  154128 , 84.92 
  154228 , 84.98 
  154330 , 85.04 
  154430 , 85.09 
  154530 , 85.15 
  154632 , 85.21 
  154732 , 85.27 
  154833 , 85.33 
  154934 , 85.38 
  155035 , 85.44 
  155136 , 85.50 
  155237 , 85.56 
  155337 , 85.62 
  155439 , 85.67 
  155539 , 85.73 
  155640 , 85.79 
  155741 , 85.85 
  155842 , 85.91 
  155942 , 85.96 
  156044 , 86.02 
  156144 , 86.08 
  156246 , 86.14 
  156346 , 86.20 
  156447 , 86.25 
  156548 , 86.31 
  156649 , 86.37 
  156749 , 86.43 
  156850 , 86.49 
  156951 , 86.54 
  157051 , 86.60 
  157153 , 86.66 
  157253 , 86.72 
  157355 , 86.78 
  157455 , 86.83 
  157556 , 86.89 
  157657 , 86.95 
  157758 , 87.01 
  157858 , 87.07 
  157960 , 87.12 
  158060 , 87.18 
  158161 , 87.24 
  158262 , 87.30 
  158363 , 87.36 
  158464 , 87.41 
  158565 , 87.47 
  158665 , 87.53 
  158767 , 87.59 
  158867 , 87.65 
  158968 , 87.70 
  159069 , 87.76 
  159169 , 87.82 
  159270 , 87.88 
  159371 , 87.94 
  159472 , 87.99 
  159572 , 88.05 
  159674 , 88.11 
  159774 , 88.17 
  159876 , 88.23 
  159976 , 88.28 
  160077 , 88.34 
  160178 , 88.40 
  160279 , 88.46 
  160379 , 88.52 
  160481 , 88.57 
  160581 , 88.63 
  160683 , 88.69 
  160783 , 88.75 
  160884 , 88.81 
  160985 , 88.86 
  161086 , 88.92 
  161186 , 88.98 
  161288 , 89.04 
  161388 , 89.10 
  161488 , 89.15 
  161590 , 89.21 
  161690 , 89.27 
  161792 , 89.33 
  161892 , 89.39 
  161993 , 89.44 
  162094 , 89.50 
  162195 , 89.56 
  162295 , 89.62 
  162397 , 89.68 
  162497 , 89.73 
  162598 , 89.79 
  162699 , 89.85 
  162800 , 89.91 
  162900 , 89.97 
  163002 , 90.02 
  163102 , 90.08 
  163204 , 90.14 
  163304 , 90.20 
  163405 , 90.26 
  163506 , 90.31 
  163607 , 90.37 
  163707 , 90.43 
  163808 , 90.49 
  163909 , 90.55 
  164009 , 90.60 
  164111 , 90.66 
  164211 , 90.72 
  164313 , 90.78 
  164413 , 90.84 
  164514 , 90.89 
  164615 , 90.95 
  164716 , 91.01 
  164816 , 91.07 
  164918 , 91.13 
  165018 , 91.18 
  165120 , 91.24 
  165220 , 91.30 
  165321 , 91.36 
  165422 , 91.42 
  165523 , 91.47 
  165623 , 91.53 
  165725 , 91.59 
  165825 , 91.65 
  165925 , 91.71 
  166027 , 91.76 
  166127 , 91.82 
  166228 , 91.88 
  166329 , 91.94 
  166430 , 92.00 
  166531 , 92.05 
  166632 , 92.11 
  166732 , 92.17 
  166834 , 92.23 
  166934 , 92.29 
  167035 , 92.34 
  167136 , 92.40 
  167237 , 92.46 
  167337 , 92.52 
  167439 , 92.58 
  167539 , 92.63 
  167641 , 92.69 
  167741 , 92.75 
  167842 , 92.81 
  167943 , 92.87 
  168043 , 92.92 
  168144 , 92.98 
  168245 , 93.04 
  168346 , 93.10 
  168446 , 93.16 
  168548 , 93.21 
  168648 , 93.27 
  168750 , 93.33 
  168850 , 93.39 
  168951 , 93.45 
  169052 , 93.50 
  169153 , 93.56 
  169253 , 93.62 
  169355 , 93.68 
  169455 , 93.74 
  169556 , 93.79 
  169657 , 93.85 
  169758 , 93.91 
  169859 , 93.97 
  169960 , 94.03 
  170060 , 94.08 
  170161 , 94.14 
  170262 , 94.20 
  170362 , 94.26 
  170464 , 94.31 
  170564 , 94.37 
  170665 , 94.43 
  170766 , 94.49 
  170867 , 94.55 
  170968 , 94.60 
  171069 , 94.66 
  171169 , 94.72 
  171271 , 94.78 
  171371 , 94.84 
  171472 , 94.89 
  171573 , 94.95 
  171674 , 95.01 
  171774 , 95.07 
  171876 , 95.13 
  171976 , 95.18 
  172078 , 95.24 
  172178 , 95.30 
  172279 , 95.36 
  172380 , 95.42 
  172480 , 95.47 
  172581 , 95.53 
  172682 , 95.59 
  172783 , 95.65 
  172883 , 95.71 
  172985 , 95.76 
  173085 , 95.82 
  173187 , 95.88 
  173287 , 95.94 
  173388 , 96.00 
  173489 , 96.05 
  173590 , 96.11 
  173690 , 96.17 
  173792 , 96.23 
  173892 , 96.29 
  173993 , 96.34 
  174094 , 96.40 
  174195 , 96.46 
  174296 , 96.52 
  174397 , 96.58 
  174497 , 96.63 
  174599 , 96.69 
  174699 , 96.75 
  174799 , 96.81 
  174901 , 96.87 
  175001 , 96.92 
  175102 , 96.98 
  175203 , 97.04 
  175304 , 97.10 
  175405 , 97.16 
  175506 , 97.21 
  175606 , 97.27 
  175708 , 97.33 
  175808 , 97.39 
  175909 , 97.45 
  176010 , 97.50 
  176111 , 97.56 
  176211 , 97.62 
  176313 , 97.68 
  176413 , 97.74 
  176515 , 97.79 
  176615 , 97.85 
  176716 , 97.91 
  176817 , 97.97 
  176918 , 98.03 
  177018 , 98.08 
  177119 , 98.14 
  177220 , 98.20 
  177320 , 98.26 
  177422 , 98.32 
  177522 , 98.37 
  177624 , 98.43 
  177724 , 98.49 
  177825 , 98.55 
  177926 , 98.61 
  178027 , 98.66 
  178127 , 98.72 
  178229 , 98.78 
  178329 , 98.84 
  178430 , 98.90 
  178531 , 98.95 
  178632 , 99.01 
  178733 , 99.07 
  178834 , 99.13 
  178934 , 99.19 
  179036 , 99.24 
  179136 , 99.30 
  179237 , 99.36 
  179338 , 99.42 
  179438 , 99.48 
  179539 , 99.53 
  179640 , 99.59 
  179741 , 99.65 
  179842 , 99.71 
  179943 , 99.77 
  180043 , 99.82 
  180145 , 99.88 
  180245 , 99.94 
  180346 , 100.00 
FULLY CHARGED
FULLY CHARGED
FULLY CHARGED
FULLY CHARGED
FULLY CHARGED
FULLY CHARGED
FULLY CHARGED
FULLY CHARGED
FULLY CHARGED
FULLY CHARGED
FULLY CHARGED
FULLY CHARGED
FULLY CHARGED
FULLY CHARGED
FULLY CHARGED
FULLY CHARGED
FULLY CHARGED
FULLY CHARGED
FULLY CHARGED
FULLY CHARGED
FULLY CHARGED
FULLY CHARGED
FULLY CHARGED
FULLY CHARGED
FULLY CHARGED
FULLY CHARGED
FULLY CHARGED
FULLY CHARGED
FULLY CHARGED
FULLY CHARGED
FULLY CHARGED
FULLY CHARGED
FULLY CHARGED
FULLY CHARGED
FULLY CHARGED
FULLY CHARGED
FULLY CHARGED
FULLY CHARGED
FULLY CHARGED
FULLY CHARGED
FULLY CHARGED
FULLY CHARGED
FULLY CHARGED
FULLY CHARGED
FULLY CHARGED
FULLY CHARGED
FULLY CHARGED
FULLY CHARGED
FULLY CHARGED
FULLY CHARGED
FULLY CHARGED
FULLY CHARGED
FULLY CHARGED
FULLY CHARGED
FULLY CHARGED
FULLY CHARGED
FULLY CHARGED
FULLY CHARGED
FULLY CHARGED
FULLY CHARGED
FULLY CHARGED
FULLY CHARGED
FULLY CHARGED
FULLY CHARGED
FULLY CHARGED
FULLY CHARGED
FULLY CHARGED
FULLY CHARGED
FULLY CHARGED
FULLY CHARGED
FULLY CHARGED
FULLY CHARGED
FULLY CHARGED
FULLY CHARGED
FULLY CHARGED
FULLY CHARGED
FULLY CHARGED
FULLY CHARGED
FULLY CHARGED
FULLY CHARGED
FULLY CHARGED
